1.153949468331701
1.2116469417482862
1.2693444151648714
1.3270418885814563
1.3847393619980415
1.4424368354146266
1.5001343088312118
1.5578317822477967
1.6155292556643819
1.673226729080967
1.7309242024975522
1.7886216759141373
1.8463191493307223
1.9040166227473074
1.9617140961638926
2.0194115695804777
2.077109042997063
2.134806516413648
2.192503989830233
2.250201463246818
2.307898936663403
2.365596410079988
2.4232938834965734
2.480991356913159
2.5386888303297437
2.5963863037463284
2.654083777162914
2.711781250579499
2.769478723996084
2.827176197412669
2.884873670829254
2.9425711442458398
3.0002686176624245
3.057966091079009
3.115663564495595
3.17336103791218
3.231058511328765
3.28875598474535
3.346453458161935
3.4041509315785206
3.4618484049951053
3.51954587841169
3.5772433518282756
3.6349408252448607
3.692638298661446
3.7503357720780306
3.8080332454946157
3.8657307189112013
3.923428192327786
3.981125665744371
4.038823139160956
4.0965206125775415
4.154218085994127
4.211915559410712
4.269613032827297
4.327310506243882
4.385007979660467
4.442705453077052
4.500402926493638
4.558100399910223
4.615797873326807
4.673495346743392
4.731192820159978
4.788890293576563
4.846587766993148
4.904285240409733
4.961982713826318
5.019680187242903
5.077377660659488
5.135075134076073
5.192772607492659
5.250470080909244
5.308167554325829
5.365865027742413
5.423562501158998
5.481259974575584
5.5389574479921695
5.596654921408754
5.65435239482534
5.712049868241925
5.769747341658509
5.827444815075094
5.8851422884916795
5.942839761908265
6.00053723532485
6.058234708741435
6.115932182158021
6.173629655574605
6.2313271289911905
6.289024602407776
6.34672207582436
6.404419549240946
6.462117022657531
6.519814496074115
6.577511969490701
6.6352094429072865
6.692906916323871
6.750604389740456
6.808301863157041
6.865999336573627
6.923696809990211
6.981394283406797
7.039091756823383
7.096789230239967
7.154486703656552
7.212184177073137
7.2698816504897215
7.3275791239063075
7.385276597322893
7.442974070739477
7.500671544156063
7.558369017572648
7.616066490989233
7.6737639644058175
7.731461437822403
7.789158911238989
7.846856384655573
7.904553858072158
7.962251331488744
8.01994880490533
8.077646278321915
8.135343751738498
8.193041225155083
8.25073869857167
8.308436171988253
8.366133645404839
8.423831118821425
8.48152859223801
8.539226065654594
8.59692353907118
8.654621012487764
8.71231848590435
8.770015959320935
8.82771343273752
8.885410906154105
8.94310837957069
9.000805852987275
9.05850332640386
9.116200799820446
9.17389827323703
